0.0 0.0 0.0 0.0 0.0 0.0
0.1 0.10210416666666666 101.04244031830238 0.0 1.67718928408937 1.1111111640930176
0.2 0.19810416666666666 100.21432327268903 0.1975 5.041262733825122 1.25
0.3 0.3040625 100.24700239808153 0.3975 4.809365432397209 1.4285714626312256
0.4 0.40129166666666666 100.48670958363617 0.612 4.0501689878441995 1.6666666269302368
0.5 0.49583333333333335 99.56865546218488 0.772 11.376399967029988 2.0
0.6 0.5978125 100.1964453737585 1.017 19.831477280579595 2.500000238418579
0.70000005 0.6974583333333333 100.15114403488859 1.2265 21.183650102801607 3.333333969116211
0.8000001 0.7671875 96.84301425661914 1.5165 51.434694047059764 5.000001907348633
0.9000001 0.8455208333333334 96.40985585807564 1.693 55.98304222666061 10.000009536743164
1.0000001 0.8557291666666667 92.51737066342058 1.971
1.1000001 0.7909166666666667 89.75547887472342 2.0515
1.2000002 0.9513958333333333 83.40271968817746 1.9125
