Start lambda 0.0
NaN
NaN
0.0
0.0
End lambda 0.0
Start lambda 0.1
0 0.8371747211895911
1 0.1355638166047088
2 0.02379182156133829
3 0.0024783147459727386
4 7.434944237918215E-4
5 2.4783147459727387E-4
0.19479553903345725
1.0106567534076827
1.191224184153049
0.11949399999999999
End lambda 0.1
Start lambda 0.2
0 0.8375124131082423
1 0.1365441906653426
2 0.022343594836146972
3 0.003475670307845084
4 1.2413108242303873E-4
0.19215491559086395
1.000372393247269
1.3100551841395522
0.262483
End lambda 0.2
Start lambda 0.3
0 0.8417711081794196
1 0.13299802110817943
2 0.021767810026385226
3 0.002968337730870712
4 4.1226912928759896E-4
5 8.245382585751979E-5
0.1875
0.981447889182058
1.6010299958989815
0.48341025
End lambda 0.3
Start lambda 0.4
0 0.8368950345694531
1 0.1365179132620993
2 0.022690131992457573
3 0.0033940917661847893
4 3.771213073538655E-4
5 1.257071024512885E-4
0.19421747328724073
0.978629792583281
1.7342641179687195
0.68716975
End lambda 0.4
Start lambda 0.5
0 0.8298061269794288
1 0.14286419022248534
2 0.022544521730551034
3 0.003995856149178629
4 6.413102461644714E-4
5 1.479946721918011E-4
0.20324601647674018
0.9916136352424646
2.2802819447026974
1.1521482500000002
End lambda 0.5
Start lambda 0.6
0 0.8368136439267887
1 0.13594009983361066
2 0.02254575707154742
3 0.003868552412645591
4 7.071547420965059E-4
5 1.247920133111481E-4
0.19608985024958403
0.9976705490848585
3.0174423353853324
1.8095785
End lambda 0.6
Start lambda 0.70000005
0 0.8328364642074638
1 0.13860852699256493
2 0.023957472791925578
3 0.0038432527567256922
4 6.465285011314248E-4
5 1.0775475018857081E-4
0.2011781186020617
1.0006465285011314
4.184126757405405
2.933796
End lambda 0.70000005
Start lambda 0.8000001
0 0.832634684055271
1 0.13904673187393263
2 0.023940381928272008
3 0.0037571805620245304
4 5.27868343424934E-4
5 6.210215804999224E-5
7 3.105107902499612E-5
0.2008383791336749
0.9992237230243751
6.973678462447235
5.61214975
End lambda 0.8000001
Start lambda 0.9000001
0 0.8378250722382752
1 0.13483551900422316
2 0.022643920871304735
3 0.003945321182484997
4 6.668148477439431E-4
5 5.5567903978661923E-5
7 2.7783951989330962E-5
0.19509891086908202
0.9758001778172928
18.444634931267327
16.59458725
End lambda 0.9000001
Start lambda 1.0000001
0 0.8377426384876591
1 0.1348639197202372
2 0.02311084080887943
3 0.0034210126197354415
4 7.348841923876134E-4
5 1.0136333688105013E-4
6 2.534083422026253E-5
0.19494703765647964
0.9851249303127059
133.61878921905773
134.4199605
End lambda 1.0000001
Start lambda 1.1000001
0 0.8479540993507474
1 0.12907041119331622
2 0.019527907796064222
3 0.002868790578287785
4 5.284614223161709E-4
5 5.032965926820676E-5
0.17909809250591374
0.8880920026171423
941.7780493323677
1164.762636
End lambda 1.1000001
