0.0 0.0 0.0 0.0 0.0 0.0
0.1 0.10029166666666667 103.86040714582468 0.0 1.4291551595340695 1.1111111640930176
0.2 0.19441666666666665 100.08669095585084 0.3955 3.783455522647315 1.25
0.3 0.29991666666666666 100.75486246179494 0.7735 2.8358251774438403 1.4285714626312256
0.4 0.4032291666666667 99.53242056316198 1.1735 3.5794597399764636 1.6666666269302368
0.5 0.498 99.45816599732262 1.6185 6.277969277988438 2.0
0.6 0.5967291666666666 99.9722794400028 2.0335 7.837320653855672 2.500000238418579
0.70000005 0.6889166666666666 100.00743921616063 2.5415 11.368685822947542 3.333333969116211
0.8000001 0.7592708333333333 98.50303196597613 2.967 31.56126189287283 5.000001907348633
0.9000001 0.7820833333333334 93.90535428875866 3.573 100.5722399419218 10.000009536743164
1.0000001 0.8170416666666667 88.74588199296241 3.6805
1.1000001 0.8079166666666666 90.84388860237236 3.873
1.2000002 0.9508958333333334 83.28431522906031 3.7485
