0.0 0.0 0.0 0.0 0.0 0.0
0.1 0.10075 99.73945409429281 0.0 1.4700822734976555 1.1111111640930176
0.2 0.19847916666666668 101.40054581715125 0.5875 2.452029782457928 1.25
0.3 0.30233333333333334 100.34461135611907 1.202 3.3320930964844266 1.4285714626312256
0.4 0.4041666666666667 99.15030927835052 1.807 3.1004494000856786 1.6666666269302368
0.5 0.49747916666666664 100.04325976799699 2.4465 4.278192198430706 2.0
0.6 0.5979375 100.05066025574021 3.15 6.452200036340929 2.500000238418579
0.70000005 0.6956041666666667 100.42496031627182 3.894 11.063315392846745 3.333333969116211
0.8000001 0.785625 98.22779103686025 4.6755 33.97949301307072 5.000001907348633
0.9000001 0.8345416666666666 95.519247091717 5.464 65.10827320462906 10.000009536743164
1.0000001 0.8758125 91.04821713171103 5.862
1.1000001 0.8659583333333334 87.31424722128664 6.212
1.2000002 0.84475 83.11598599191082 6.141
