0.0 0.0 0.0 0.0 0.0 0.0
0.1 0.09779166666666667 102.2032381763954 0.0 1.5835332683517283 1.1111111640930176
0.2 0.20033333333333334 103.19862728785358 0.795 1.6938509580169108 1.25
0.3 0.3043958333333333 99.57956334268701 1.6375 1.9407421967683343 1.4285714626312256
0.4 0.402125 100.07548440576106 2.4905 2.6128955949709742 1.6666666269302368
0.5 0.497625 100.42120907644646 3.366 3.6196038159970034 2.0
0.6 0.5978958333333333 99.72594863932541 4.2755 5.99588386802014 2.500000238418579
0.70000005 0.7022708333333333 100.38399240558901 5.1765 11.290663807300247 3.333333969116211
0.8000001 0.788375 99.19877384916231 6.3555 22.288198217451523 5.000001907348633
0.9000001 0.8495833333333334 97.8547572339382 7.172 53.2289847557232 10.000009536743164
1.0000001 0.904625 93.12977292616645 7.9875
1.1000001 0.7939166666666667 83.06297890206781 8.673
1.2000002 0.8606666666666667 83.09491189000775 7.363
