Start lambda 0.0
NaN
NaN
0.0
0.0
End lambda 0.0
Start lambda 0.1
0 0.6774770173646578
1 0.21092951991828396
2 0.0712461695607763
3 0.027834525025536263
4 0.008682328907048007
5 0.0028089887640449437
6 7.660878447395301E-4
7 2.553626149131767E-4
0.4920837589376915
0.9706332992849847
1.117452892527427
0.10855200000000001
End lambda 0.1
Start lambda 0.2
0 0.6658313494549555
1 0.2267886229795765
2 0.07204610951008646
3 0.023555945370254353
4 0.00776845006891367
5 0.002756546798646786
6 0.0011276782358100488
7 1.252975817566721E-4
0.49404836486655807
0.9976193459466233
1.3419010115249965
0.26608224999999996
End lambda 0.2
Start lambda 0.3
0 0.6644401770059281
1 0.2230107706437338
2 0.07539450613676213
3 0.024463555147365784
4 0.008933789763713784
5 0.0029222676797194622
6 7.514402604992904E-4
7 8.349336227769892E-5
0.5026300409117476
0.9994990398263338
1.5638559835881203
0.465698
End lambda 0.3
Start lambda 0.4
0 0.6598059942793185
1 0.22733490859345853
2 0.07548812336774033
3 0.026240517348588482
4 0.007897027732869046
5 0.002238527546325084
6 8.083571695062803E-4
7 1.2436264146250465E-4
10 6.218132073125233E-5
0.506155950752394
0.9989429175475687
1.755040754964134
0.70215675
End lambda 0.4
Start lambda 0.5
0 0.6708383594692401
1 0.22029553679131483
2 0.07157217531162043
3 0.025733815842380377
4 0.007790510655408122
5 0.002362283876156011
6 0.001156011258544431
7 1.5078407720144752E-4
8 1.0052271813429835E-4
0.4924105347808605
0.995627261761158
2.2877611526761594
1.133587
End lambda 0.5
Start lambda 0.6
0 0.6680840420210105
1 0.22369518092379523
2 0.07049358012339503
3 0.025637818909454727
4 0.0083791895947974
5 0.0022928130732032684
6 0.001167250291812573
7 1.250625312656328E-4
8 1.250625312656328E-4
0.4954560613640153
0.9962898115724529
2.71355204217092
1.6222902499999998
End lambda 0.6
Start lambda 0.70000005
0 0.6666309472781826
1 0.222103157593942
2 0.07315330761537363
3 0.02525360765823689
4 0.008144020574367767
5 0.0032504643520502928
6 0.0010358622660380055
7 3.214744963566224E-4
8 7.143877696813831E-5
9 3.5719388484069154E-5
0.5023574796399486
1.0
3.7837553411426543
2.642134
End lambda 0.70000005
Start lambda 0.8000001
0 0.6700103445033071
1 0.2213410237923576
2 0.0729444218049591
3 0.024231215322403687
4 0.008181561706529577
5 0.0021942885802952884
6 8.777154321181154E-4
7 1.8808187831102473E-4
8 3.134697971850412E-5
0.4904548446757155
0.9884016175041535
6.6737011514040345
5.316135
End lambda 0.8000001
Start lambda 0.9000001
0 0.680824430147594
1 0.21891647986958168
2 0.06829495502314344
3 0.022473872667462372
4 0.006753806293848796
5 0.001950452679689092
6 5.822246805042066E-4
7 1.7466740415126198E-4
8 2.911123402521033E-5
0.46464440627638204
0.9327821606357893
225.8579995836226
255.28869500000002
End lambda 0.9000001
Start lambda 1.0000001
0 0.6719448443063869
1 0.22011768568325885
2 0.07194989519408036
3 0.023890698790312397
4 0.008333964694295022
5 0.0026517160390938706
6 7.323787155592595E-4
7 2.2728994620804606E-4
8 1.0101775387024269E-4
9 5.0508876935121346E-5
0.4895320352551961
0.9797459403490163
213.38357842227802
216.763631
End lambda 1.0000001
Start lambda 1.1000001
0 0.6900685788656955
1 0.21522250588176403
2 0.06459928918255994
3 0.020548630925564398
4 0.006257195775141413
5 0.0023777343945537367
6 7.008059268158383E-4
7 1.501726986033939E-4
8 7.508634930169695E-5
0.44884116734244384
0.8888221454672873
904.3813913155541
1084.71846125
End lambda 1.1000001
