0.0 0.0 0.0 0.0 0.0 0.0
0.1 0.10158333333333333 101.35028712059065 0.0 1.9138629831038054 1.1111111640930176
0.2 0.19777777777777777 101.44241573033707 0.5363333333333333 1.9260560693949713 1.25
0.3 0.3000277777777778 99.95805943894084 1.022 2.028479666966337 1.4285714626312256
0.4 0.4031666666666667 99.9616232603004 1.5583333333333333 2.250641946386354 1.6666666269302368
0.5 0.5038611111111111 100.88395170626826 2.1 3.541953111401085 2.0
0.6 0.5910277777777778 100.08549137566386 2.722 3.8921075228568385 2.500000238418579
0.70000005 0.7005833333333333 99.63193370603862 3.2436666666666665 8.139286287086373 3.333333969116211
0.8000001 0.7939722222222222 100.78063884126928 3.9346666666666668 26.067367272132866 5.000001907348633
0.9000001 0.84825 93.86203621835806 4.645 137.09003334086748 10.000009536743164
1.0000001 0.8278888888888889 86.85803918937056 4.916333333333333
1.1000001 0.9738888888888889 88.87758128921848 5.043
1.2000002 0.99075 82.8657302268203 5.766333333333334
