0.0 0.0 0.0 0.0 0.0 0.0
0.1 0.10222222222222223 99.11739130434782 0.0 1.1816733551516316 1.1111111640930176
0.2 0.20455555555555555 100.89136338946224 0.12133333333333333 1.4871469697244133 1.25
0.3 0.30966666666666665 98.89558665231432 0.2823333333333333 2.102814353764233 1.4285714626312256
0.4 0.39344444444444443 101.98164360350184 0.393 3.0388217464903686 1.6666666269302368
0.5 0.49622222222222223 98.80340349305867 0.529 2.6007951083978864 2.0
0.6 0.5835555555555556 101.17460015232292 0.6856666666666666 3.983969148130697 2.500000238418579
0.70000005 0.6964444444444444 101.08407785577536 0.8036666666666666 5.342832990262583 3.333333969116211
0.8000001 0.7838888888888889 99.77817150956768 1.011 20.309695897988586 5.000001907348633
0.9000001 0.7678888888888888 91.91896975835624 1.1533333333333333 125.38159500186858 10.000009536743164
1.0000001 0.8442222222222222 86.78652276914977 1.143
1.1000001 0.9847777777777778 89.30260634096807 1.2373333333333334
1.2000002 0.987 83.28278734661713 1.464
