0.0 0.0 0.0 0.0 0.0 0.0
0.1 0.11 101.86818181818182 0.0 1.430963941604759 1.1111111640930176
0.2 0.1955 103.61892583120205 0.105 1.2696527880285815 1.25
0.3 0.3315 102.78733031674209 0.187 1.673923862429742 1.4285714626312256
0.4 0.4285 100.60210035005834 0.347 1.7241689081288056 1.6666666269302368
0.5 0.506 98.78458498023716 0.455 2.049917415286939 2.0
0.6 0.605 96.2396694214876 0.493 2.3950622705483715 2.500000238418579
0.70000005 0.679 101.71944035346097 0.582 3.4653266472651794 3.333333969116211
0.8000001 0.8095 104.74490426189006 0.674 7.296913083333347 5.000001907348633
0.9000001 0.8765 97.37193382772391 0.877 23.87162960515677 10.000009536743164
1.0000001 0.965 92.660103626943 0.862
