0.0 0.0 0.0 0.0 0.0 0.0
0.1 0.09591666666666666 96.88010425716769 0.0 1.2514710918444232 1.1111111640930176
0.2 0.20233333333333334 101.80148270181219 0.14 1.6706676112623038 1.25
0.3 0.3035 100.45002745744097 0.38066666666666665 2.1241138601230394 1.4285714626312256
0.4 0.39075 100.681168692685 0.5336666666666666 2.416639767098047 1.6666666269302368
0.5 0.5043333333333333 100.99074686054198 0.7383333333333333 3.0122028000128855 2.0
0.6 0.59675 100.06018712470325 0.9526666666666667 4.075616056314224 2.500000238418579
0.70000005 0.6935 100.17399663542417 1.0986666666666667 7.023693530964285 3.333333969116211
0.8000001 0.8114166666666667 100.01848618671049 1.3306666666666667 14.693863035471711 5.000001907348633
0.9000001 0.8470833333333333 94.49591736350222 1.5313333333333334 73.58576476429565 10.000009536743164
1.0000001 0.7630833333333333 82.13530632303156 1.6066666666666667
1.1000001 0.794 81.51511335012594 1.5406666666666666
1.2000002 0.9420833333333334 77.61167624944714 1.6026666666666667
