0.0 0.0 0.0 0.0 0.0 0.0
0.1 0.088 96.01704545454545 0.0 1.0418986980097573 1.1111111640930176
0.2 0.2065 105.84745762711864 0.0 1.2843861881340815 1.25
0.3 0.316 106.82120253164557 0.0 1.5550483419000996 1.4285714626312256
0.4 0.39 99.2448717948718 0.0 1.6714084209556126 1.6666666269302368
0.5 0.4815 104.36033229491173 0.0 2.173090443878924 2.0
0.6 0.6375 102.27450980392157 0.0 3.046484865053747 2.500000238418579
0.70000005 0.6555 103.02974828375287 0.0 3.028607907665991 3.333333969116211
0.8000001 0.8255 102.71956390066626 0.0 5.877635966320218 5.000001907348633
0.9000001 0.897 101.1304347826087 0.0 9.868841754581833 10.000009536743164
1.0000001 0.961 95.24245577523413 0.0
