0.0 0.0 0.0 0.0 0.0 0.0
0.1 0.09788888888888889 101.67990919409762 0.0 1.2624801832743395 1.1111111640930176
0.2 0.20444444444444446 101.16983695652173 0.24333333333333335 1.6814641369112564 1.25
0.3 0.29927777777777775 97.6974197141266 0.5296666666666666 2.02868061180541 1.4285714626312256
0.4 0.40194444444444444 103.09730476848652 0.756 2.8248345209859536 1.6666666269302368
0.5 0.49983333333333335 99.59275313993554 1.1216666666666666 3.236954942306467 2.0
0.6 0.6021111111111112 101.86178261671895 1.334 5.46468068406485 2.500000238418579
0.70000005 0.6988333333333333 99.08768582558233 1.6873333333333334 6.357920163704238 3.333333969116211
0.8000001 0.7975 98.99261581330546 1.969 16.358061083994336 5.000001907348633
0.9000001 0.8806111111111111 97.5606586335247 2.2283333333333335 34.0322119952631 10.000009536743164
1.0000001 0.9578333333333333 96.73168609709414 2.5376666666666665
1.1000001 0.8498333333333333 81.7260247107276 2.882
1.2000002 0.9933888888888889 83.22286225602595 2.5656666666666665
