0.0 0.0 0.0 0.0 0.0 0.0
0.1 0.100375 103.55396430053965 0.0 1.2678778584975887 1.1111111640930176
0.2 0.1985 98.88497061293032 2.071 1.7290198184144832 1.25
0.3 0.29870833333333335 101.30590040451946 4.032 1.9428600054990557 1.4285714626312256
0.4 0.39858333333333335 101.02007108509304 6.257 2.5595272673441896 1.6666666269302368
0.5 0.4964166666666667 100.9403642773208 8.492 2.940615070484173 2.0
0.6 0.5924791666666667 100.15341608354724 10.78 3.9058927590307477 2.500000238418579
0.70000005 0.695125 101.31331295330575 12.953 7.4549956944956985 3.333333969116211
0.8000001 0.7824583333333334 97.90750306193088 15.752 16.405005782158394 5.000001907348633
0.9000001 0.8542708333333333 96.46518717229605 17.76 35.99553892803704 10.000009536743164
1.0000001 0.8799791666666666 89.70451478491441 19.884
