0.0 0.0 0.0 0.0 0.0 0.0
0.1 0.09870833333333333 99.61945968763192 0.0 1.8236443953701107 1.1111111640930176
0.2 0.19766666666666666 99.67506323777403 0.9775 1.4623305481034414 1.25
0.3 0.3000833333333333 99.19189114134963 2.0095 1.7164658497982084 1.4285714626312256
0.4 0.3935625 99.58964586310941 3.1295 2.454585910624459 1.6666666269302368
0.5 0.5007291666666667 100.86989806532141 4.1355 3.235166966289 2.0
0.6 0.5961875 99.52587622741727 5.4905 4.724666014531314 2.500000238418579
0.70000005 0.6967708333333333 100.6065181641501 6.5175 7.5453049559355225 3.333333969116211
0.8000001 0.7867708333333333 99.46373626373627 7.9635 16.443234995775818 5.000001907348633
0.9000001 0.8508125 96.09018340311957 9.1215 51.63881764541095 10.000009536743164
1.0000001 0.8559791666666666 89.25246428310658 9.935
1.1000001 0.9433958333333333 88.01364750568646 10.0025
1.2000002 0.8797708333333333 81.5739657581283 11.052
