0.0 0.0 0.0 0.0 0.0 0.0
0.1 0.097375 102.64099272571673 0.0 1.311850703935625 1.1111111640930176
0.2 0.19983333333333334 100.24572560467055 1.228 1.5067704466962368 1.25
0.3 0.2980625 99.96001957083945 2.4675 1.813053429625311 1.4285714626312256
0.4 0.4010208333333333 101.75354563873448 3.829 2.2334157665940775 1.6666666269302368
0.5 0.5005625 100.86877263079036 5.3695 2.6899291279507387 2.0
0.6 0.6027916666666666 100.08837353978019 6.702 3.8943635785558195 2.500000238418579
0.70000005 0.7020625 100.14436630167067 8.112 6.816598284582369 3.333333969116211
0.8000001 0.7870208333333333 99.97392593376922 9.588 13.170151131243045 5.000001907348633
0.9000001 0.8714791666666667 98.6400755420621 10.9555 34.48120690071406 10.000009536743164
1.0000001 0.9175416666666667 93.86805776304436 12.4235
1.1000001 0.8573958333333334 86.69969627019803 13.0655
1.2000002 0.8689791666666666 81.31979573733547 12.105
