0.0 0.0 0.0 0.0 0.0 0.0
0.1 0.1003125 100.11526479750779 0.0 1.344570085814248 1.1111111640930176
0.2 0.196125 100.34193753983429 1.4745 1.3728046671681506 1.25
0.3 0.30083333333333334 100.31066481994459 2.984 1.7193359481267414 1.4285714626312256
0.4 0.39389583333333333 99.88025598984503 4.5615 2.0629115683285733 1.6666666269302368
0.5 0.5056458333333333 100.24448930822793 6.0625 2.682454667267158 2.0
0.6 0.5958541666666667 100.4296353274361 7.8925 3.5478718789602057 2.500000238418579
0.70000005 0.6985416666666666 99.42913808529674 9.4765 4.829450695754994 3.333333969116211
0.8000001 0.7932916666666666 99.08078155365303 11.0455 7.871205663023057 5.000001907348633
0.9000001 0.8706458333333333 96.99365892177741 12.8945 26.12749997678226 10.000009536743164
1.0000001 0.91525 93.9812209778749 14.2085
1.1000001 0.9590833333333333 87.28001998436007 15.1365
1.2000002 0.9294791666666666 80.47878516194105 15.943
