0.0 0.0 0.0 0.0 0.0 0.0
0.1 0.10095833333333333 100.13392488650433 0.0 1.1693740309964253 1.1111111640930176
0.2 0.20272916666666665 99.86527592231015 1.8105 1.3615530291866493 1.25
0.3 0.30125 100.65829875518672 3.636 1.6777344245093269 1.4285714626312256
0.4 0.39791666666666664 101.1061780104712 5.372 1.9940968344363035 1.6666666269302368
0.5 0.5066875 100.11956745199622 7.2345 2.556497138776306 2.0
0.6 0.6033958333333334 99.73963332527708 9.228 3.3445125384416845 2.500000238418579
0.70000005 0.6932083333333333 99.92504658291759 11.061 4.581780188138005 3.333333969116211
0.8000001 0.8009166666666667 99.38000728332119 12.8375 9.492714717152584 5.000001907348633
0.9000001 0.89225 98.77017371812833 14.973 26.602282254589205 10.000009536743164
1.0000001 0.9386666666666666 95.43829900568181 16.8125
1.1000001 0.96575 89.5242471309 18.064
1.2000002 0.8647708333333334 80.6836348743646 18.413
