Start lambda 0.0
NaN
NaN
0.0
0.0
End lambda 0.0
Start lambda 0.1
0 0.5664422837197707
1 0.24333084018947893
2 0.10795312889553728
3 0.0443779606083271
4 0.02268760907504363
5 0.008975317875841436
6 0.0034904013961605585
7 4.986287708800798E-4
8 0.0019945150835203192
9 2.493143854400399E-4
0.7706307653951633
0.9710795312889554
1.1186844621174783
0.11120975
End lambda 0.1
Start lambda 0.2
0 0.5546914199698947
1 0.24686402408429503
2 0.11289513296537883
3 0.04917210235825389
4 0.02019568489713999
5 0.008529854490717512
6 0.005143000501756146
7 0.0010035122930255895
8 0.0010035122930255895
9 2.508780732563974E-4
10 2.508780732563974E-4
0.7942799799297542
0.9947315604616157
1.35529253086735
0.2682175
End lambda 0.2
Start lambda 0.3
0 0.5587209302325581
1 0.24019933554817277
2 0.11112956810631229
3 0.050664451827242524
4 0.022674418604651164
5 0.008637873754152824
6 0.00473421926910299
7 0.0018272425249169434
8 4.983388704318936E-4
9 5.813953488372093E-4
10 2.491694352159468E-4
11 8.305647840531562E-5
0.8021594684385382
0.9994186046511628
1.4863231647717046
0.4444365
End lambda 0.3
Start lambda 0.4
0 0.5581891146225232
1 0.24774266365688488
2 0.10458991723100075
3 0.050852771507399044
4 0.021193880110358665
5 0.010283421118635566
6 0.003386004514672686
7 0.002069224981188864
8 0.0011913719588663154
9 2.5081514923501377E-4
10 1.2540757461750688E-4
11 1.2540757461750688E-4
0.7948959117130675
0.986267870579383
1.7085403413907907
0.6772819999999999
End lambda 0.4
Start lambda 0.5
0 0.5636445063694268
1 0.24238654458598727
2 0.10733479299363058
3 0.04836783439490446
4 0.021994426751592355
5 0.008807722929936306
6 0.004030652866242038
7 0.002239251592356688
8 5.473726114649681E-4
9 3.48328025477707E-4
10 4.976114649681529E-5
11 1.9904458598726116E-4
12 4.976114649681529E-5
0.7848328025477707
0.980593152866242
2.240889072643725
1.12095025
End lambda 0.5
Start lambda 0.6
0 0.5591455827457487
1 0.24413106594773953
2 0.10871007880547491
3 0.04939858979676483
4 0.02148486105350477
5 0.00941518042306097
6 0.00427208627125674
7 0.0021153048527581915
8 5.391953546246371E-4
9 2.488593944421402E-4
10 2.0738282870178348E-4
11 2.903359601824969E-4
12 4.1476565740356696E-5
0.7955205309000415
0.9978017420157611
2.7484062001233984
1.65075525
End lambda 0.6
Start lambda 0.70000005
0 0.5567652746937899
1 0.2481197621946852
2 0.10883890838765131
3 0.04802664565575532
4 0.02145261800730607
5 0.009741422534202421
6 0.004154430198409856
7 0.0018981448320320893
8 5.372108015185158E-4
9 3.5814053434567725E-4
10 1.0744216030370318E-4
0.7912040684764702
0.9869278704963828
3.885542960119609
2.7159575
End lambda 0.70000005
Start lambda 0.8000001
0 0.5555314600824065
1 0.24545370054834412
2 0.11044332228383778
3 0.048514514080361844
4 0.022956101490132903
5 0.009820626413457666
6 0.003996406332290344
7 0.0018587936429257412
8 8.054772452678212E-4
9 3.7175872858514824E-4
10 1.5489947024381175E-4
11 3.0979894048762353E-5
12 6.195978809752471E-5
0.8022243563927012
1.0017968338548282
8.719359874098018
7.04277325
End lambda 0.8000001
Start lambda 0.9000001
0 0.5595709891084444
1 0.2492586536596181
2 0.10617188149544107
3 0.04633761050910401
4 0.021228833522711526
5 0.008979297730233074
6 0.004517362746999972
7 0.0021339689050245267
8 9.42271984036804E-4
9 4.71135992018402E-4
10 2.494249369509187E-4
11 8.314164565030623E-5
12 2.7713881883435412E-5
13 2.7713881883435412E-5
0.7883490840562037
0.9865864811684173
21.836173062544272
19.7115735
End lambda 0.9000001
Start lambda 1.0000001
0 0.566311289658014
1 0.2448238566131026
2 0.10784919653893696
3 0.04676555418211784
4 0.019133704161516274
5 0.008137618459002884
6 0.004120313143798929
7 0.0016738772146683149
8 7.725587144622991E-4
9 2.3176761433868975E-4
10 1.0300782859497322E-4
11 2.5751957148743305E-5
12 5.150391429748661E-5
0.7646786155747837
0.9573032550473836
183.42082999508582
198.6540945
End lambda 1.0000001
Start lambda 1.1000001
0 0.5836625493824074
1 0.24408661299194878
2 0.10064009601440216
3 0.04240636095414312
4 0.016577486622993447
5 0.007601140171025654
6 0.002700405060759114
7 0.0012751912786918037
8 5.750862629394409E-4
9 2.750412561884283E-4
10 1.5002250337550632E-4
11 5.000750112516878E-5
0.7111566735010252
0.887983197479622
896.7229828619172
1096.639382
End lambda 1.1000001
