0.0 0.0 0.0 0.0 0.0 0.0
0.1 0.097875 100.49191145168156 0.0 1.1440429891433759 1.1111111640930176
0.2 0.19933333333333333 99.94241220735786 2.006 1.3142510167316308 1.25
0.3 0.2981666666666667 98.83279765231973 4.027 1.5204237025327916 1.4285714626312256
0.4 0.3944166666666667 100.40819776040566 6.0255 1.847794267842396 1.6666666269302368
0.5 0.5015416666666667 100.51536927805931 8.29 2.300049623711482 2.0
0.6 0.60225 100.49809741248097 10.4425 2.9643237176293913 2.500000238418579
0.70000005 0.6989375 100.04888372231662 12.548 3.9550992018475477 3.333333969116211
0.8000001 0.7951666666666667 99.34369105009432 14.732 7.15307657142062 5.000001907348633
0.9000001 0.8878541666666667 100.5795105239693 16.736 17.326557900256578 10.000009536743164
1.0000001 0.9371666666666667 94.40014227280811 19.2675
1.1000001 0.9553125 88.94343037836659 20.1215
1.2000002 0.991125 81.96830201370497 20.631
