0.0 0.0 0.0 0.0 0.0 0.0
0.1 0.09891666666666667 99.712299915754 0.0 1.118514925360055 1.1111111640930176
0.2 0.199125 101.06392550742834 2.391 1.2873492984657626 1.25
0.3 0.29970833333333335 100.42381481996385 4.8005 1.502927315068516 1.4285714626312256
0.4 0.4006458333333333 100.82044615464615 7.061 1.793492754678469 1.6666666269302368
0.5 0.5012291666666666 101.45546365185585 9.6365 2.2359964146763383 2.0
0.6 0.5957708333333334 100.2679651711718 12.154 2.7107284794010695 2.500000238418579
0.70000005 0.693875 100.39575451870533 14.157 3.772951262091036 3.333333969116211
0.8000001 0.798125 100.22558078830592 16.4885 5.930331301359154 5.000001907348633
0.9000001 0.8957083333333333 98.98757966227846 19.0615 14.145153413799202 10.000009536743164
1.0000001 0.9481875 95.80194669654824 21.181
1.1000001 0.9851458333333334 89.59625266986698 22.381
1.2000002 0.9266458333333333 82.51873918028733 23.2045
