0.1 0.0976 1.4855843835873062 0.0978 1.5270920488373274 0.100675 1.5104695445858536
0.2 0.2001 1.615419288483556 0.2003 1.719718030883499 0.200675 1.6888983563941482
0.3 0.30215 1.833811472908024 0.301875 1.821084307513248 0.304425 1.88294405001288
0.4 0.3944 2.575965292761408 0.39815 2.3523008295604138 0.400775 2.3118058126264804
0.5 0.50305 2.593789370892091 0.50705 2.634812554213928 0.495525 2.555514284757178
0.6 0.608825 3.261983791942526 0.599575 3.1156524634352656 0.6009 3.2375547084261185
0.7 0.687325 4.079753804440684 0.6961 5.282475474770923 0.701025 5.168618661070772
0.8 0.796475 7.588672302129939 0.804275 6.253284668970901 0.797375 6.845707086978394
0.9 0.894175 18.114292322315723 0.895725 15.881355900818278 0.901125 13.17042501837679
1.0 0.99005 -1 0.98915 -1 0.859375 -1
1.1 0.99725 -1 0.90755 -1 0.903175 -1