0.1 0.099375 1.2420993641571876 0.09865 1.6328420796947325 0.0994 1.826660265994677
0.2 0.20185 1.5088536424664283 0.1997 1.9650691885665559 0.20065 2.261853283896727
0.3 0.299475 1.7624341450926537 0.301325 1.8385098290872508 0.302675 2.2275944889088457
0.4 0.3982 1.9288756347811187 0.40045 2.342336362467447 0.401625 2.383522270632001
0.5 0.49885 2.262651982732051 0.4967 2.683967586618449 0.4974 2.902207416399256
0.6 0.595775 3.429200437799948 0.59885 3.2392885676711902 0.59625 3.8538471549779145
0.7 0.7077 3.822284632633557 0.700725 4.510790178831857 0.698325 4.542891366127992
0.8 0.806975 5.436639127089739 0.804425 20.985302694375637 0.8073 8.109527465462255
0.9 0.90245 9.908580307195686 0.89545 36.22153964298888 0.903525 29.81905732917213
1.0 0.9919 -1 0.98695 -1 0.982275 -1
1.1 0.994275 -1 0.98845 -1 0.990775 -1