0.1 0.09865 1.6328420796947325 0.1020625 1.5989134398706588 0.09979375 1.532955918404808
0.2 0.1997 1.9650691885665559 0.2017375 1.6659189022678431 0.201 1.6097355520176984
0.3 0.301325 1.8385098290872508 0.30175 1.8225125018078117 0.30120625 1.8900917406581599
0.4 0.40045 2.342336362467447 0.3995375 2.113898687111511 0.40028125 2.071177792744662
0.5 0.4967 2.683967586618449 0.499175 2.5318419110485553 0.49954375 2.6098671661405137
0.6 0.59885 3.2392885676711902 0.5975375 3.1978554736624765 0.60201875 3.1844005243401488
0.7 0.700725 4.510790178831857 0.70015 4.3984813088019985 0.69351875 4.128588495948901
0.8 0.804425 20.985302694375637 0.799375 6.321928398257592 0.79964375 7.2235106681637005
0.9 0.89545 36.22153964298888 0.902475 18.52876647105106 0.898525 12.867446390612216
1.0 0.98695 -1 0.9844 -1 0.9562625 -1
1.1 0.98845 -1 0.9922 -1 0.9779125 -1