0.1 1.238845071180209 0.09759999999999999 110.49547440101733 0.0
0.2 1.293694552071181 0.19939999999999997 101.89837570228342 0.0
0.3 1.4507009975577132 0.3 103.50489021504862 0.0
0.4 1.6323796904032157 0.3836 99.58638085184604 0.0
0.5 2.1202448935796925 0.4856 101.78765010482637 0.0
0.6 2.5731331670638413 0.6123999999999999 100.22453703173329 0.0
0.70000005 3.083179865113178 0.6842 99.29445736798588 0.0
0.8000001 4.5094458984394095 0.7946000000000001 99.54594277943713 0.0
0.9000001 9.301463272747085 0.8855999999999999 100.0489337163597 0.0
1.0000001 27.688454024989976 0.9709999999999999 100.76644649239397 0.0
1.1000001 50.226536259734246 0.9789999999999999 100.68914038169416 0.0
1.2000002 75.83232961760888 0.9789999999999999 101.09731368735719 0.0
1.3000002 93.9094662432194 0.985 99.6530195415038 0.0
1.4000002 114.27354636252683 0.9954000000000001 100.20582989732623 0.0
1.5000002 126.72136283515754 0.999 100.97297909101898 0.0
1.6000003 136.8787677805619 0.9934 101.37406700531339 0.0
1.7000003 153.03839011164888 0.9725999999999999 101.3524030745697 0.0
1.8000003 162.32668862211088 1.0021999999999998 100.0919803194219 0.0
1.9000003 165.87941741427105 0.9841999999999999 101.57608517925976 0.0
