Start lambda 0.0
NaN
NaN
0.0
0.0
End lambda 0.0
Start lambda 0.1
0 0.8334554334554335
1 0.13992673992673993
2 0.020512820512820513
3 0.00463980463980464
4 0.0014652014652014652
0.20073260073260074
0.9863247863247864
1.3321149920567554
0.11460324999999999
End lambda 0.1
Start lambda 0.2
0 0.8341077483360543
1 0.13964586211226926
2 0.020971995479090795
3 0.004520909205073465
4 7.534848675122441E-4
0.1981665201557202
0.9826698480472184
1.5574649725732168
0.2705555
End lambda 0.2
Start lambda 0.3
0 0.8309394089483243
1 0.14289252105002476
2 0.021627868581806174
3 0.003714710252600297
4 7.429420505200594E-4
5 8.254911672445105E-5
0.2006769027571405
0.9970282317979198
1.7438459267087443
0.46592849999999997
End lambda 0.3
Start lambda 0.4
0 0.8342593170609901
1 0.13683750546226356
2 0.023971533803608214
3 0.004057681503214932
4 7.491104313627567E-4
5 6.242586928022972E-5
6 6.242586928022972E-5
0.20063674386665833
0.9925088956863725
2.056713985049058
0.7388045
End lambda 0.4
Start lambda 0.5
0 0.8304011259676284
1 0.1442646023926812
2 0.02081029456117422
3 0.0036191816628129083
4 8.545290037197145E-4
6 5.0266411983512615E-5
0.20046245099024831
0.9914044435508194
2.880749458673985
1.328241
End lambda 0.5
Start lambda 0.6
0 0.8399653265087097
1 0.13448361264756872
2 0.021712210022290103
3 0.0030132915049946338
4 6.191694873276645E-4
5 2.063898291092215E-4
0.1904565343019896
0.9633451663502023
3.1412123002404986
1.78100025
End lambda 0.6
Start lambda 0.70000005
0 0.8319441960293329
1 0.14090502593453766
2 0.022214272938651403
3 0.004185297800035772
4 6.081201931675907E-4
5 1.4308710427472725E-4
0.20103738150599176
0.9980683240922912
7.251629875940466
4.9196725
End lambda 0.70000005
Start lambda 0.8000001
0 0.8344754216339685
1 0.13761381770393316
2 0.02315466691698739
3 0.0038486811226884445
4 7.509621702806721E-4
5 9.387027128508402E-5
6 6.258018085672268E-5
0.19931787602866172
0.9942426233611815
18.412875575592423
14.5483025
End lambda 0.8000001
Start lambda 0.9000001
0 0.834236093199209
1 0.1393116097784656
2 0.02244003095176683
3 0.00341042615997478
4 5.158627805003869E-4
5 8.597713008339781E-5
0.19691628693434213
0.9679878485656149
96.0997249577764
104.025798
End lambda 0.9000001
Start lambda 1.0000001
0 0.8360173467576273
1 0.13659303593619235
2 0.022748598818188734
3 0.0039309172985721895
4 6.593796758895286E-4
5 2.5360756764981868E-5
6 2.5360756764981868E-5
0.1967994724962593
0.977581091019756
136.15307839178237
139.18113875
End lambda 1.0000001
Start lambda 1.1000001
0 0.8490245122561281
1 0.1285392696348174
2 0.01870935467733867
3 0.0030515257628814406
4 6.253126563281641E-4
5 5.002501250625313E-5
0.177863931965983
0.8973736868434217
794.4884590765291
946.9521425
End lambda 1.1000001
