0.0 0.0 0.0 0.0 0.0 0.0
0.1 0.10375 98.4722891566265 0.0 1.5474233530352677 1.1111111640930176
0.2 0.1835 97.00272479564033 0.1075 1.7220317587946894 1.25
0.3 0.2945 98.29032258064517 0.1765 1.8816377155982893 1.4285714626312256
0.4 0.40025 100.4840724547158 0.281 2.4111142700436066 1.6666666269302368
0.5 0.5095 99.06820412168793 0.402 2.4796379807994278 2.0
0.6 0.61025 101.35641130684145 0.4875 4.13838756212256 2.500000238418579
0.70000005 0.68875 99.09147005444646 0.621 3.4926410301855553 3.333333969116211
0.8000001 0.7915 98.09728363866077 0.6815 7.333627284389604 5.000001907348633
0.9000001 0.9205 99.72189027702336 0.7495 14.25743913443265 10.000009536743164
1.0000001 0.952 96.54201680672269 0.8825
1.1000001 0.9735 89.15921931176169 0.9415
1.2000002 0.99375 82.70867924528302 0.9875
1.3000002 0.97725 76.78818112049117 0.988
1.4000002 0.99075 71.0403734544537 1.004
