0.0 0.0 0.0 0.0 0.0 0.0
0.1 0.10143229166666666 100.7599486521181 0.0 1.6238175254285445 1.1111111640930176
0.2 0.20182291666666666 100.86954838709677 4.165 2.143958493683293 1.25
0.3 0.29942708333333334 99.77504783440598 8.50375 2.3964799466482187 1.4285714626312256
0.4 0.39953125 101.55165558597315 12.52625 2.872470254943723 1.6666666269302368
0.5 0.49786458333333333 99.69301182132023 17.22375 3.60653961849584 2.0
0.6 0.5963541666666666 100.0511135371179 21.3275 5.687625342079331 2.500000238418579
0.70000005 0.6973046875 99.76681044946127 26.235 8.629523259277244 3.333333969116211
0.8000001 0.7759505208333334 98.71974896380448 31.22375 16.265124009146824 5.000001907348633
0.9000001 0.8208333333333333 92.35250634517766 35.315 34.42116743153581 10.000009536743164
