0.0 0.0 0.0 0.0 0.0 0.0
0.1 0.10177083333333334 101.90624360286591 0.0 1.8549353186871893 1.1111111640930176
0.2 0.198875 101.32107689084434 1.072 2.0039879347979004 1.25
0.3 0.29654166666666665 98.75537445552901 2.093 2.2672538438864485 1.4285714626312256
0.4 0.39841666666666664 100.61723488809872 3.0645 2.91525143213632 1.6666666269302368
0.5 0.4959791666666667 101.20023522493385 4.295 3.631045826798082 2.0
0.6 0.603125 100.7772366148532 5.376 5.355321108292153 2.500000238418579
0.70000005 0.6918541666666667 99.97777710861513 6.669 7.765531501099921 3.333333969116211
0.8000001 0.7937708333333333 99.59436760190022 7.845 15.299238170826744 5.000001907348633
0.9000001 0.8405416666666666 94.88791949635652 9.0955 54.74540059423912 10.000009536743164
1.0000001 0.8615 88.32738440704198 9.8465
1.1000001 0.9572291666666667 90.0602868522428 10.3205
1.2000002 0.9531041666666666 83.18918446304838 11.23
1.3000002 0.903125 77.22465974625145 11.4315
1.4000002 0.9174583333333334 71.23588718833734 10.808
