Start lambda 0.0
NaN
NaN
0.0
0.0
End lambda 0.0
Start lambda 0.1
0 0.6705794205794205
1 0.21728271728271728
2 0.07192807192807193
3 0.026973026973026972
4 0.008741258741258742
5 0.003246753246753247
6 9.99000999000999E-4
8 2.4975024975024975E-4
0.5012487512487512
1.0097402597402598
1.645033793010638
0.1133815
End lambda 0.1
Start lambda 0.2
0 0.668032278088144
1 0.2245810055865922
2 0.07101179391682184
3 0.023960273122284294
4 0.00819366852886406
5 0.0023587833643699567
6 0.0011173184357541898
7 4.965859714463067E-4
8 2.4829298572315333E-4
0.4952203600248293
0.9929236499068901
1.7917502535612617
0.25956075
End lambda 0.2
Start lambda 0.3
0 0.6666666666666666
1 0.2283484390735146
2 0.07074521651560926
3 0.0216515609264854
4 0.007217186975495133
5 0.003356831151393085
6 0.001426653239342061
7 4.196038939241356E-4
8 1.6784155756965425E-4
0.4932863376972138
0.9841389728096677
1.9953662596879311
0.44057175000000004
End lambda 0.3
Start lambda 0.4
0 0.6731242506468101
1 0.21896889001072758
2 0.0741465261563703
3 0.023032750678361837
4 0.007193790622830819
5 0.0022717233545781535
6 8.834479712248375E-4
7 1.2620685303211965E-4
8 1.2620685303211965E-4
9 1.2620685303211965E-4
0.48482362592288764
0.9690162175806146
2.289706171745997
0.7106865
End lambda 0.4
Start lambda 0.5
0 0.6647430476095717
1 0.22381971046216606
2 0.07387692154619173
3 0.02492413312770509
4 0.00845729068205562
5 0.002885428585642505
6 8.457290682055619E-4
7 2.984926123078454E-4
8 1.492463061539227E-4
0.5029600517387195
0.9948261280533307
2.897284628552595
1.19968825
End lambda 0.5
Start lambda 0.6
0 0.673905862923204
1 0.21498761354252685
2 0.07386457473162676
3 0.025020644095788604
4 0.007803468208092485
5 0.003096614368290669
6 7.844756399669695E-4
7 4.1288191577208916E-4
8 8.257638315441784E-5
9 4.128819157720892E-5
0.49310487200660613
0.9910817506193229
3.291402103761344
1.6872055000000001
End lambda 0.6
Start lambda 0.70000005
0 0.669582916726182
1 0.21832595343522354
2 0.07459648621625482
3 0.024496500499928582
4 0.008427367518925867
5 0.0033209541494072276
6 8.927296100557063E-4
7 2.8567347521782604E-4
8 3.5709184402228255E-5
9 3.5709184402228255E-5
0.49928581631195545
0.9965004999285816
4.158974284296124
2.55833975
End lambda 0.70000005
Start lambda 0.8000001
0 0.6689808997235487
1 0.2185850716260367
2 0.0747361146016587
3 0.02506911284242272
4 0.008324956019100277
5 0.0027959286252827345
6 9.110329228449359E-4
7 4.08394068861523E-4
8 1.2565971349585322E-4
9 3.1414928373963304E-5
10 3.1414928373963304E-5
0.5004712239256095
0.995758984669515
7.138467099890874
5.26649525
End lambda 0.8000001
Start lambda 0.9000001
0 0.6644008056394763
1 0.22292156204542912
2 0.0760042519861251
3 0.024784603334452277
4 0.008196262727984783
5 0.002293834620118608
6 9.790757524896498E-4
7 2.7973592928275706E-4
8 1.1189437171310283E-4
9 2.7973592928275707E-5
0.5025176233635448
1.0038323822311739
13.601476294149526
11.7061895
End lambda 0.9000001
Start lambda 1.0000001
0 0.6909945437847766
1 0.21460212846415644
2 0.0645562098211874
3 0.020555345470260927
4 0.005969423585975906
5 0.0020528334503808546
6 8.643509264761493E-4
7 2.971206309761763E-4
8 1.0804386580951867E-4
0.44765274701528823
0.9041110690940521
1074.5774284025213
1151.2009315
End lambda 1.0000001
Start lambda 1.1000001
0 0.6885163872904678
1 0.21641230923192395
2 0.06574931198398799
3 0.020140105078809107
4 0.006379784838628972
5 0.0018764073054791093
6 7.005253940455342E-4
7 1.0007505629221917E-4
8 1.2509382036527395E-4
0.4491368526394796
0.9000750562922192
867.8462578557761
1029.8449935
End lambda 1.1000001
