0.0 0.0 0.0 0.0 0.0 0.0
0.1 0.1065 96.43661971830986 0.0 1.0520972029678055 1.1111111640930176
0.2 0.2105 97.3729216152019 0.0 1.283219930477393 1.25
0.3 0.302 98.41225165562913 0.0 1.39070906147593 1.4285714626312256
0.4 0.386 99.30699481865285 0.0 1.6188799907749565 1.6666666269302368
0.5 0.4855 95.18434603501545 0.0 2.1628688659233415 2.0
0.6 0.594 100.22643097643098 0.0 2.4325171104669425 2.500000238418579
0.70000005 0.742 100.22371967654986 0.0 3.734934165943959 3.333333969116211
0.8000001 0.7935 103.92438563327032 0.0 8.441101005508944 5.000001907348633
0.9000001 0.8745 101.64036592338479 0.0 8.903407654798144 10.000009536743164
1.0000001 0.9735 100.07601438109913 0.0
1.1000001 1.0005 92.69215392303848 0.0
1.2000002 0.977 80.34595701125896 0.0
1.3000002 0.9935 76.63160543532965 0.0
1.4000002 0.986 67.35953346855983 0.0
