Start lambda 0.0
NaN
NaN
0.0
0.0
End lambda 0.0
Start lambda 0.1
0 0.5591478696741855
1 0.2518796992481203
2 0.10325814536340852
3 0.04962406015037594
4 0.02205513784461153
5 0.006265664160401002
6 0.004511278195488722
7 0.0017543859649122807
8 7.518796992481203E-4
11 5.012531328320802E-4
12 2.506265664160401E-4
0.7807017543859649
0.968671679197995
1.9563871058411797
0.11517325
End lambda 0.1
Start lambda 0.2
0 0.5574726609963548
1 0.25103280680437423
2 0.10595382746051032
3 0.04641555285540705
4 0.021749696233292832
5 0.00850546780072904
6 0.004617253948967193
7 0.0027946537059538273
8 8.50546780072904E-4
9 4.860267314702309E-4
10 1.2150668286755772E-4
0.7913730255164034
0.9890643985419199
2.1465971625495595
0.273895
End lambda 0.2
Start lambda 0.3
0 0.5564462257849031
1 0.25125250501002006
2 0.10821643286573146
3 0.0456746826987308
4 0.020875083500334003
5 0.009602538410153641
6 0.00459251837007348
7 0.001837007348029392
8 9.18503674014696E-4
9 4.1750167000668005E-4
10 8.350033400133601E-5
13 8.350033400133601E-5
0.7896626586506346
0.9874749498997996
2.287420037148647
0.44195
End lambda 0.3
Start lambda 0.4
0 0.5529272250655349
16 6.241418050181001E-5
1 0.24990637872924729
2 0.1079141180876295
3 0.04868306079141181
4 0.022344276619647985
5 0.010235925602296842
6 0.003932093371614031
7 0.0023717388590687805
8 0.0011234552490325801
9 2.4965672200724003E-4
10 2.4965672200724003E-4
0.8072650106104107
1.0101110972412932
2.714269709501763
0.759118
End lambda 0.4
Start lambda 0.5
0 0.5622493985565357
1 0.24543905372894947
2 0.1082598235765838
3 0.04741379310344827
4 0.019747393744987973
5 0.00872093023255814
6 0.004761427425821973
7 0.001954691259021652
8 0.0010525260625501203
9 1.503608660785886E-4
10 2.0048115477145148E-4
11 5.012028869286287E-5
0.7813753007217321
0.9847634322373697
2.9336558954436995
1.0701437500000002
End lambda 0.5
Start lambda 0.6
0 0.5606493560276639
1 0.24574481302025097
2 0.10783948316561064
3 0.04832898496707665
4 0.021286288151737276
5 0.00902803660910258
6 0.003727171077152441
7 0.0017393465026711392
8 0.0010353252992090114
9 4.141301196836046E-4
10 4.141301196836046E-5
11 4.141301196836046E-5
12 4.141301196836046E-5
13 4.141301196836046E-5
15 4.141301196836046E-5
0.7857704890876713
0.9841388164161179
3.526316703473882
1.6519949999999999
End lambda 0.6
Start lambda 0.70000005
0 0.5617059243397573
1 0.24657387580299786
2 0.10749464668094219
3 0.047180585296216986
4 0.021448965024982156
5 0.008743754461099216
6 0.004104211277658815
7 0.0014632405424696644
8 6.423982869379015E-4
9 3.5688793718772306E-4
10 1.7844396859386153E-4
11 3.568879371877231E-5
12 3.568879371877231E-5
13 3.568879371877231E-5
0.7789079229122056
0.9763026409707352
5.609751494922988
3.370429
End lambda 0.70000005
Start lambda 0.8000001
0 0.5573263335520765
1 0.24842973657073217
2 0.10852785850442173
3 0.04840473735195775
4 0.020999343770507172
5 0.009093465829192838
6 0.004124871097778195
7 0.0019374394550170308
8 4.687353520202494E-4
9 3.7498828161619947E-4
10 2.49992187744133E-4
11 3.1249023468016625E-5
16 3.1249023468016625E-5
0.7889440954970157
0.9847817255710759
6.34312068589214
4.429696
End lambda 0.8000001
Start lambda 0.9000001
0 0.5568615436035986
1 0.24585689218171183
2 0.11227474027240064
3 0.04826894688466145
4 0.019831211876444866
5 0.009859900286884105
6 0.004205776676043785
7 0.0016990223658190124
8 6.406149903907751E-4
9 2.506754310224772E-4
10 1.1141130267665655E-4
11 8.355847700749241E-5
14 5.570565133832827E-5
0.7911595131326074
0.9845416817536139
43.21158516193004
42.070291
End lambda 0.9000001
Start lambda 1.0000001
0 0.561596958174905
1 0.24651457541191382
2 0.10871989860583016
3 0.04732572877059569
4 0.020633713561470216
5 0.00861850443599493
6 0.003726235741444867
7 0.0015462610899873257
8 7.097591888466414E-4
9 3.548795944233207E-4
10 7.604562737642586E-5
11 1.2674271229404308E-4
12 5.0697084917617235E-5
0.7763751584283903
0.9714321926489227
259.7533597268384
261.41569125
End lambda 1.0000001
Start lambda 1.1000001
0 0.583094122979302
1 0.24412046129828271
2 0.09956186735156368
3 0.04368736465729969
4 0.0168454449312585
5 0.0073777509190713604
6 0.003097144583773984
7 0.0013093619378556681
8 4.0288059626328245E-4
9 1.7626026086518608E-4
10 2.5180037266455156E-4
11 2.5180037266455153E-5
12 5.0360074532910306E-5
0.7145339175101979
0.8917006597169764
841.9176248529817
1016.82430075
End lambda 1.1000001
