0.0 0.697 101.3558106169297 0.299 1.421477761835252 3.3003300330033
0.1 0.09971875 102.00647654862634 2.168 1.8256785928030272 1.1111111640930176
0.2 0.19739583333333333 100.64306068601583 4.167 2.156023372796554 1.25
0.3 0.3024895833333333 100.56427562932608 6.4195 2.449564797804179 1.4285714626312256
0.4 0.40117708333333335 100.26401474826682 8.741 2.7842593308186707 1.6666666269302368
0.5 0.49709375 100.78531464135287 10.99 3.635311881869066 2.0
0.6 0.6024791666666667 101.10731698883087 13.5695 4.993094171854866 2.500000238418579
0.70000005 0.6972291666666667 100.85369169629784 15.9 8.483458463167695 3.333333969116211
0.8000001 0.7918958333333334 101.01702138854542 18.49 16.624317705308762 5.000001907348633
0.9000001 0.8519583333333334 99.05167017166332 20.415 62.67375592626413 10.000009536743164
1.0000001 0.8327916666666667 94.70159353579827 20.416
1.1000001 0.8357395833333333 92.72716281736486 20.9795
1.2000002 0.8719375 88.15575944376747 22.2215
1.3000002 0.8372395833333334 83.87407776049767 21.976
1.4000002 0.8323125 79.87010337663638 22.607
