0.0 0.99 100.0 0.9999999999992356 99.99999999999991
0.1 0.09825 100.0 1.109291135582751 1.1111111640930176
0.2 0.20185416666666667 100.0 1.252974477664033 1.25
0.3 0.30025 100.0 1.427260852448413 1.4285714626312256
0.4 0.40479166666666666 100.0 1.6898956713549604 1.6666666269302368
0.5 0.5042291666666666 100.0 2.066647382634042 2.0
0.6 0.6006666666666667 100.0 2.4822316008360437 2.500000238418579
0.70000005 0.7012291666666667 100.0 3.3811519748844416 3.333333969116211
0.8000001 0.799625 100.0 5.179486293101517 5.000001907348633
0.9000001 0.8957916666666667 100.0 9.72669618780573 10.000009536743164
1.0000001 0.9508541666666667 100.0
1.1000001 0.8984583333333334 100.0
1.2000002 0.8185416666666666 100.0
1.3000002 0.752625 100.0
1.4000002 0.6829166666666666 100.0
