0.0 0.0 0.0 0.0 0.0 0.0
0.1 0.10095833333333333 101.9661576557986 0.0 1.1279919155181086 1.1111111640930176
0.2 0.19645833333333335 101.08335100742312 0.0 1.2677277809372398 1.25
0.3 0.2996875 100.2969064998262 0.0 1.4325073829877453 1.4285714626312256
0.4 0.40089583333333334 99.94018604167749 0.0 1.6613117793514738 1.6666666269302368
0.5 0.5019791666666666 100.51164141938162 0.0 2.029713043479393 2.0
0.6 0.6037083333333333 100.95189454068604 0.0 2.5809367399452388 2.500000238418579
0.70000005 0.6900208333333333 100.38923945533045 0.0 3.357226609292325 3.333333969116211
0.8000001 0.7964791666666666 100.48146791870471 0.0 4.961112702775589 5.000001907348633
0.9000001 0.904625 99.99553221869098 0.0 10.227518290353213 10.000009536743164
1.0000001 0.9762083333333333 97.79252208801059 0.0
1.1000001 0.981875 91.36509654148101 0.0
1.2000002 0.9895416666666667 82.73196766179629 0.0
1.3000002 0.9935625 76.84957329475164 0.0
1.4000002 0.9998541666666667 71.54245410789073 0.0
