0.1 0.09917187499999999 97.65776671125302 8.104611039360423 1.1111111640930176
0.2 0.1996875 101.18238865077532 4.637847558845337 1.25
0.3 0.2978749999999999 100.18854389609318 4.699740295519128 1.4285714626312256
0.4 0.40001562500000004 100.06705825191969 6.826546578124433 1.6666666269302368
0.5 0.4969374999999999 101.77399023136219 9.401890299505991 2.0
0.6 0.5919062499999999 100.89424487529071 14.477134668859472 2.500000238418579
0.70000005 0.6883437499999999 100.51202709198654 25.835045985312526 3.333333969116211
0.8000001 0.7483593749999999 100.41121003081057 65.22496646987474 5.000001907348633
0.9000001 0.8236718749999999 100.37506210769689 67.84423975686977 10.000009536743164
1.0000001 0.7481250000000002 101.10266873006867
1.1000001 0.8740312499999999 100.57364750062122
1.2000002 0.9627031249999999 100.26040634631553
1.3000002 0.9292187499999998 100.56447311950342
1.4000002 0.9319843750000002 100.29740510514556
1.5000002 0.990421875 100.57503274738951
1.6000003 0.959921875 100.73058236800053
1.7000003 0.9268437499999999 101.05660642088232
1.8000003 0.9663437500000002 100.0087763000998
1.9000003 0.9919687500000002 100.90877998204584
