0.0 6.666666666666667E-5 51.5 3.3333333333333335E-5 0.5150000000000003 1.0000666711114075
0.1 0.0396 69.30345117845118 0.0394 0.7439013917225304 1.1111111640930176
0.2 0.017416666666666667 68.30334928229665 0.017533333333333335 0.7915913716959349 1.25
0.3 0.002183333333333333 72.8473282442748 0.003 0.9707685687181495 1.4285714626312256
0.4 0.022816666666666666 69.5390796201607 0.0238 0.9868824237958701 1.6666666269302368
0.5 0.038283333333333336 65.36525903352198 0.0374 0.9612625716205453 2.0
0.6 0.00765 66.12854030501089 0.007166666666666667 1.1853924399522286 2.500000238418579
0.70000005 0.028483333333333333 66.30427150380339 0.0275 1.169632128474641 3.333333969116211
0.8000001 0.00955 64.34205933682374 0.009533333333333333 1.3819407979136078 5.000001907348633
0.9000001 0.014983333333333333 68.68298109010011 0.014966666666666666 1.6518116065838961 10.000009536743164
1.0000001 0.019 69.09561403508772 0.019333333333333334
1.1000001 0.01075 65.78759689922481 0.011533333333333333
1.2000002 0.040466666666666665 66.64373970345964 0.036166666666666666
1.3000002 0.0505 67.74323432343235 0.0522
1.4000002 0.11208333333333333 67.65115241635688 0.11113333333333333
