0.0 0.249 400.285140562249 4.00285140561943 1.3315579227696406
0.1 0.10147916666666666 401.94169575035926 6.784788480609371 1.1111111640930176
0.2 0.19695833333333335 394.69198222974404 18.383824005698052 1.25
0.3 0.22833333333333333 354.1867700729927 108.23177944327544 1.4285714626312256
0.4 0.21210416666666668 290.4050682644141 191.9912896979611 1.6666666269302368
0.5 0.188125 246.01572535991141 234.9399785541834 2.0
0.6 0.17304166666666668 215.01119672525886 267.96086066419576 2.500000238418579
0.70000005 0.16264583333333332 193.73203535288843 282.0516702708064 3.333333969116211
0.8000001 0.14910416666666668 175.31996646639652 300.64064975577764 5.000001907348633
0.9000001 0.14133333333333334 158.8391804245283 302.09538248567355 10.000009536743164
1.0000001 0.13360416666666666 145.8297208794636
1.1000001 0.12641666666666668 137.11420566908373
1.2000002 0.11754166666666667 126.81868131868131
1.3000002 0.11391666666666667 118.62582297000732
1.4000002 0.10825 114.00615858352579
